46 104 209
46 0 1 2 3 4 5 6 7 8 9 10 11 12 13 14 15 16 17 18 19 20 21 22 23 24 25 26 27 28 29 30 31 32 33 34 35 36 37 38 39 40 41 42 43 44 45 
46 60 69 84 97 160 125 44 117 76 121 105 209 161 120 32 36 188 100 204 48 52 156 205 200 141 109 168 80 116 153 177 181 176 104 149 148 152 189 172 192 144 208 164 196 201 184 
210 0 0 1 0 0 1 3 2 2 3 5 4 4 5 7 6 6 7 9 8 8 9 11 10 10 11 12 10 10 12 14 13 13 14 15 13 13 15 17 16 16 17 6 18 18 6 19 18 18 19 20 18 18 20 22 21 21 22 0 21 21 0 24 23 23 24 3 1 1 3 25 17 17 25 8 26 26 8 27 26 26 27 2 28 28 2 29 28 28 29 30 3 3 30 31 3 3 31 17 32 32 17 33 10 10 33 34 25 25 34 13 35 35 13 28 7 7 28 13 9 9 13 26 5 5 26 37 36 36 37 29 38 38 29 4 39 39 4 34 24 24 34 40 34 34 40 35 34 34 35 36 29 29 36 21 41 41 21 4 12 12 4 42 37 37 42 26 43 43 26 38 30 30 38 32 30 30 32 44 31 31 44 45 37 37 45 16 37 37 16 39 44 44 39 43 44 44 43 23 44 44 23 18 22 22 18 41 11 11 41 
210 0 0 0 0 3 2 0 0 7 6 0 0 11 10 0 0 15 14 0 0 19 18 0 0 23 22 25 0 27 26 0 0 31 30 33 0 35 34 0 0 39 38 0 17 43 42 45 0 47 46 49 0 51 50 0 0 55 54 57 5 59 58 0 0 63 62 4 8 67 66 40 0 71 70 0 21 75 74 77 0 79 78 0 9 83 82 85 0 87 86 68 0 91 90 93 0 95 94 0 73 99 98 29 0 103 102 72 0 107 106 0 37 111 110 16 89 115 114 20 112 119 118 12 81 123 122 0 0 127 126 0 88 131 130 0 13 135 134 64 108 139 138 140 0 143 142 145 113 147 146 132 129 151 150 0 61 155 154 28 136 159 158 128 0 163 162 0 124 167 166 92 133 171 170 173 101 175 174 96 0 179 178 165 0 183 182 185 41 187 186 180 137 191 190 193 169 195 194 197 65 199 198 56 53 203 202 24 157 207 206 
210 0 0 71 71 71 71 52 52 52 52 50 50 50 50 73 73 73 73 63 63 63 63 76 76 76 76 48 48 48 48 80 80 80 80 56 56 56 56 53 53 53 53 73 73 73 73 66 66 66 66 49 49 49 49 52 52 52 52 71 71 71 71 63 63 63 63 71 71 71 71 48 48 48 48 63 63 63 63 78 78 78 78 52 52 52 52 68 68 68 68 70 70 70 70 52 52 52 52 59 59 59 59 46 46 46 46 48 48 48 48 64 64 64 64 73 73 73 73 63 63 63 63 50 50 50 50 59 59 59 59 52 52 52 52 83 83 83 83 63 63 63 63 54 54 54 54 64 64 64 64 59 59 59 59 76 76 76 76 48 48 48 48 59 59 59 59 63 63 63 63 52 52 52 52 59 59 59 59 52 52 52 52 54 54 54 54 53 53 53 53 83 83 83 83 63 63 63 63 63 63 63 63 52 52 52 52 76 76 76 76 
1 56 92
46 23 24 15 16 32 33 27 28 45 46 40 41 42 47 48 49 10 17 29 30 31 25 26 50 51 52 34 35 18 19 20 36 21 43 53 54 11 12 22 37 55 44 13 38 39 14 
46
0 
0 
0 
0 
0 
0 
0 
0 
0 
0 
0 
0 
0 
0 
0 
0 
0 
0 
0 
0 
0 
0 
0 
0 
0 
0 
0 
0 
0 
0 
0 
0 
0 
0 
0 
0 
0 
0 
0 
0 
0 
0 
0 
0 
0 
0 

0 

0 0 0 0 -1 0 0

0 
0
0
0
0 
0 
0 
0 
0 
0 
0 

46 0 8 1 -1 0 0
2 3 4 5 6 7 8 9 
46 2 2 1 1 4 4 3 3 6 6 5 5 5 6 6 6 0 1 3 3 3 2 2 7 7 7 4 4 1 1 1 4 1 5 7 7 0 0 1 4 7 5 0 4 4 0 
22
0 71 341 248 364 389 483 312 259 246 142 194 238 307 301 175 243 123 419 302 218 175 
71 0 270 177 293 318 412 241 188 317 213 265 167 236 230 104 172 52 348 231 289 104 
341 270 0 447 163 48 289 504 451 428 324 376 229 403 100 374 442 218 353 501 248 166 
248 177 447 0 470 495 587 312 363 146 250 198 344 411 407 73 141 229 523 200 326 281 
364 293 163 470 0 211 126 403 350 591 487 539 252 302 63 397 465 241 190 515 411 189 
389 318 48 495 211 0 337 552 499 380 276 328 277 451 148 422 490 266 401 549 200 214 
483 412 289 587 126 337 0 277 224 717 613 665 254 176 189 514 446 367 64 389 537 315 
312 241 504 312 403 552 277 0 53 458 454 506 275 101 464 239 171 293 213 112 530 338 
259 188 451 363 350 499 224 53 0 505 401 453 222 48 411 290 222 240 160 165 477 285 
246 317 428 146 591 380 717 458 505 0 104 52 484 553 528 219 287 369 665 346 180 421 
142 213 324 250 487 276 613 454 401 104 0 52 380 449 424 317 385 265 561 444 76 317 
194 265 376 198 539 328 665 506 453 52 52 0 432 501 476 271 339 317 613 398 128 369 
238 167 229 344 252 277 254 275 222 484 380 432 0 174 189 271 339 115 190 387 456 63 
307 236 403 411 302 451 176 101 48 553 449 501 174 0 363 338 270 288 112 213 525 237 
301 230 100 407 63 148 189 464 411 528 424 476 189 363 0 334 402 178 253 461 348 126 
175 104 374 73 397 422 514 239 290 219 317 271 271 338 334 0 68 156 450 127 393 208 
243 172 442 141 465 490 446 171 222 287 385 339 339 270 402 68 0 224 382 59 461 276 
123 52 218 229 241 266 367 293 240 369 265 317 115 288 178 156 224 0 305 283 341 52 
419 348 353 523 190 401 64 213 160 665 561 613 190 112 253 450 382 305 0 325 601 253 
302 231 501 200 515 549 389 112 165 346 444 398 387 213 461 127 59 283 325 0 520 335 
218 289 248 326 411 200 537 530 477 180 76 128 456 525 348 393 461 341 601 520 0 393 
175 104 166 281 189 214 315 338 285 421 317 369 63 237 126 208 276 52 253 335 393 0 
22
-1073741823 -1 17 15 17 17 18 8 1 11 -3 -3 21 8 17 1 1 1 13 16 10 17 
-1 -1073741823 17 15 17 17 18 8 -3 11 0 0 21 8 17 -3 -3 -1 13 16 10 17 
17 17 -1073741823 17 14 -1 14 21 21 20 20 20 21 21 -3 17 17 -3 14 17 5 -3 
15 15 17 -1073741823 17 17 18 19 15 -3 11 9 21 15 17 -1 15 15 15 16 11 17 
17 17 14 17 -1073741823 14 -3 18 18 20 20 20 21 18 -1 17 17 14 6 18 14 14 
17 17 -1 17 14 -1073741823 14 21 21 20 20 20 21 21 2 17 17 2 14 17 -3 2 
18 18 14 18 -3 14 -1073741823 18 18 20 20 20 18 18 4 18 18 14 -1 18 14 14 
8 8 21 19 18 21 18 -1073741823 -1 19 8 8 13 8 21 19 19 8 13 -3 10 13 
1 -3 21 15 18 21 18 -1 -1073741823 11 1 1 13 -1 21 -3 -3 1 13 7 10 13 
11 11 20 -3 20 20 20 19 11 -1073741823 11 -1 21 11 20 3 15 11 13 16 11 17 
-3 0 20 11 20 20 20 8 1 11 -1073741823 -3 21 8 20 1 1 1 13 16 -1 17 
-3 0 20 9 20 20 20 8 1 -1 -3 -1073741823 21 8 20 9 15 1 13 16 10 17 
21 21 21 21 21 21 18 13 13 21 21 21 -1073741823 -3 21 21 21 21 -3 13 21 -1 
8 8 21 15 18 21 18 8 -1 11 8 8 -3 -1073741823 21 8 8 8 -3 8 10 12 
17 17 -3 17 -1 2 4 21 21 20 20 20 21 21 -1073741823 17 17 -3 6 17 5 -3 
1 -3 17 -1 17 17 18 19 -3 3 1 9 21 8 17 -1073741823 -3 1 13 16 10 17 
1 -3 17 15 17 17 18 19 -3 15 1 15 21 8 17 -3 -1073741823 1 13 -1 10 17 
1 -1 -3 15 14 2 14 8 1 11 1 1 21 8 -3 1 1 -1073741823 21 16 10 -3 
13 13 14 15 6 14 -1 13 13 13 13 13 -3 -3 6 13 13 21 -1073741823 13 14 12 
16 16 17 16 18 17 18 -3 7 16 16 16 13 8 17 16 -1 16 13 -1073741823 16 17 
10 10 5 11 14 -3 14 10 10 11 -1 10 21 10 5 10 10 10 14 16 -1073741823 17 
17 17 -3 17 14 2 14 13 13 17 17 17 -1 12 -3 17 17 -3 12 17 17 -1073741823 
22
1 0 1
3 1 3
4 2 4
7 3 7
8 4 8
12 5 12
13 6 13
16 7 16
17 8 17
18 9 18
21 10 21
22 11 22
23 12 23
25 13 25
26 14 26
28 15 28
29 16 29
31 17 31
35 18 35
36 19 36
41 20 41
44 21 44
22 -1 -1 -1 -1 -1 -1 -1 -1 -1 -1 -1 -1 -1 -1 -1 -1 -1 -1 -1 -1 -1 -1 
22 0 0 0 0 0 0 1 0 1 1 1 2 0 1 1 2 3 2 2 1 1 3 
22 1 3 4 7 8 12 13 16 17 18 21 22 23 25 26 28 29 31 35 36 41 44 
22 1 3 4 7 8 12 13 16 17 18 21 22 23 25 26 28 29 31 35 36 41 44 
0 
22 0 0 0 0 0 0 0 0 0 0 0 0 0 0 0 0 0 0 0 0 0 0 
22 1073741823 -1 1073741823 -1 1073741823 -1 1073741823 -1 1073741823 -1 1073741823 -1 1073741823 -1 1073741823 -1 1073741823 -1 1073741823 -1 1073741823 -1 1073741823 -1 1073741823 -1 1073741823 -1 1073741823 -1 1073741823 -1 1073741823 -1 1073741823 -1 1073741823 -1 1073741823 -1 1073741823 -1 1073741823 -1 

5 1 5 2 -1 0 0
10 11 12 13 14 
5 0 1 2 3 4 
5
0 112 53 112 107 
112 0 59 118 113 
53 59 0 59 54 
112 118 59 0 113 
107 113 54 113 0 
5
-1073741823 2 -1 2 2 
2 -1073741823 -1 2 2 
-1 -1 -1073741823 -1 -1 
2 2 -1 -1073741823 2 
2 2 -1 2 -1073741823 
5
16 0 0
36 1 1
37 2 2
42 3 3
45 4 4
5 7 19 -1 -1 -1 
5 0 0 0 0 0 
5 16 36 37 42 45 
5 0 1 2 3 4 
0 
5 0 0 0 0 0 
5 1073741823 -1 1073741823 -1 1073741823 -1 1073741823 -1 1073741823 -1 

8 1 8 2 -1 0 0
15 16 17 18 19 20 21 22 
8 0 1 2 3 4 5 6 7 
8
0 188 104 172 52 70 129 122 
188 0 290 222 240 118 59 170 
104 290 0 68 52 172 231 120 
172 222 68 0 120 104 163 52 
52 240 52 120 0 122 181 172 
70 118 172 104 122 0 59 52 
129 59 231 163 181 59 0 111 
122 170 120 52 172 52 111 0 
8
-1073741823 6 4 4 -1 -1 5 5 
6 -1073741823 7 7 6 6 -1 6 
4 7 -1073741823 -1 -1 7 7 3 
4 7 -1 -1073741823 2 7 7 -1 
-1 6 -1 2 -1073741823 0 5 3 
-1 6 7 7 0 -1073741823 -1 -1 
5 -1 7 7 5 -1 -1073741823 5 
5 6 3 -1 3 -1 5 -1073741823 
8
2 4 0
3 0 1
17 1 2
28 2 3
29 3 4
30 5 5
32 6 6
38 7 7
8 1 8 15 16 -1 -1 -1 -1 
8 0 0 0 0 0 0 0 0 
8 3 17 28 29 2 30 32 38 
8 1 2 3 4 0 5 6 7 
0 
8 0 0 0 0 0 0 0 0 
8 1073741823 -1 1073741823 -1 1073741823 -1 1073741823 -1 1073741823 -1 1073741823 -1 1073741823 -1 1073741823 -1 

4 1 4 2 -1 0 0
23 24 25 26 
4 0 1 2 3 
4
0 142 194 71 
142 0 52 71 
194 52 0 123 
71 71 123 0 
4
-1073741823 3 3 -1 
3 -1073741823 -1 -1 
3 -1 -1073741823 1 
-1 -1 1 -1073741823 
4
0 3 0
1 0 1
21 1 2
22 2 3
4 0 10 11 -1 
4 0 0 0 0 
4 1 21 22 0 
4 1 2 3 0 
0 
4 0 0 0 0 
4 1073741823 -1 1073741823 -1 1073741823 -1 1073741823 -1 

5 1 5 2 -1 0 0
27 28 29 30 31 
5 0 1 2 3 4 
5
0 146 73 212 195 
146 0 73 66 49 
73 73 0 139 122 
212 66 139 0 115 
195 49 122 115 0 
5
-1073741823 2 -1 2 2 
2 -1073741823 -1 -1 -1 
-1 -1 -1073741823 1 1 
2 -1 1 -1073741823 1 
2 -1 1 1 -1073741823 
5
6 2 0
7 0 1
18 1 2
19 3 3
20 4 4
5 3 9 -1 -1 -1 
5 0 0 0 0 0 
5 7 18 6 19 20 
5 1 2 0 3 4 
0 
5 0 0 0 0 0 
5 1073741823 -1 1073741823 -1 1073741823 -1 1073741823 -1 1073741823 -1 

8 1 8 2 -1 0 0
32 33 34 35 36 37 38 39 
8 0 1 2 3 4 5 6 7 
8
0 100 218 166 50 178 83 163 
100 0 178 126 50 78 183 63 
218 178 0 52 228 256 135 115 
166 126 52 0 176 204 83 63 
50 50 228 176 0 128 133 113 
178 78 256 204 128 0 261 141 
83 183 135 83 133 261 0 146 
163 63 115 63 113 141 146 0 
8
-1073741823 4 6 6 -1 4 -1 4 
4 -1073741823 7 7 -1 -1 4 -1 
6 7 -1073741823 -1 7 7 3 3 
6 7 -1 -1073741823 7 7 -1 -1 
-1 -1 7 7 -1073741823 1 0 1 
4 -1 7 7 1 -1073741823 4 1 
-1 4 3 -1 0 4 -1073741823 3 
4 -1 3 -1 1 1 3 -1073741823 
8
4 0 0
5 4 1
26 1 2
27 5 3
31 2 4
39 6 5
43 7 6
44 3 7
8 2 14 17 21 -1 -1 -1 -1 
8 0 0 0 0 0 0 0 0 
8 4 26 31 44 5 27 39 43 
8 0 2 4 7 1 3 5 6 
0 
8 0 0 0 0 0 0 0 0 
8 1073741823 -1 1073741823 -1 1073741823 -1 1073741823 -1 1073741823 -1 1073741823 -1 1073741823 -1 1073741823 -1 

5 1 5 2 -1 0 0
40 41 42 43 44 
5 0 1 2 3 4 
5
0 200 48 124 94 
200 0 152 76 198 
48 152 0 76 46 
124 76 76 0 122 
94 198 46 122 0 
5
-1073741823 3 -1 2 2 
3 -1073741823 3 -1 3 
-1 3 -1073741823 -1 -1 
2 -1 -1 -1073741823 2 
2 3 -1 2 -1073741823 
5
10 2 0
11 3 1
12 0 2
33 4 3
41 1 4
5 5 20 -1 -1 -1 
5 0 0 0 0 0 
5 12 41 10 11 33 
5 2 4 0 1 3 
0 
5 0 0 0 0 0 
5 1073741823 -1 1073741823 -1 1073741823 -1 1073741823 -1 1073741823 -1 

5 1 5 2 -1 0 0
45 46 47 48 49 
5 0 1 2 3 4 
5
0 126 63 206 182 
126 0 63 80 56 
63 63 0 143 119 
206 80 143 0 136 
182 56 119 136 0 
5
-1073741823 2 -1 2 2 
2 -1073741823 -1 -1 -1 
-1 -1 -1073741823 1 1 
2 -1 1 -1073741823 1 
2 -1 1 1 -1073741823 
5
8 0 0
9 2 1
13 1 2
14 3 3
15 4 4
5 4 6 -1 -1 -1 
5 0 0 0 0 0 
5 8 13 9 14 15 
5 0 2 1 3 4 
0 
5 0 0 0 0 0 
5 1073741823 -1 1073741823 -1 1073741823 -1 1073741823 -1 1073741823 -1 

6 1 6 2 -1 0 0
50 51 52 53 54 55 
6 0 1 2 3 4 5 
6
0 174 190 63 126 180 
174 0 112 111 48 102 
190 112 0 127 64 118 
63 111 127 0 63 117 
126 48 64 63 0 54 
180 102 118 117 54 0 
6
-1073741823 4 4 -1 3 4 
4 -1073741823 4 4 -1 4 
4 4 -1073741823 4 -1 4 
-1 4 4 -1073741823 -1 4 
3 -1 -1 -1 -1073741823 -1 
4 4 4 4 -1 -1073741823 
6
23 0 0
24 3 1
25 1 2
34 4 3
35 2 4
40 5 5
6 12 13 18 -1 -1 -1 
6 0 0 0 0 0 0 
6 23 25 35 24 34 40 
6 0 2 4 1 3 5 
0 
6 0 0 0 0 0 0 
6 1073741823 -1 1073741823 -1 1073741823 -1 1073741823 -1 1073741823 -1 1073741823 -1 

1 2 1 3 -1 0 0
0 
0 
1
0 
1
-1073741823 
1
16 0 0
1 0 
1 -1 
1 16 
1 0 
0 
1 0 
1 1073741823 -1 

1 2 1 3 -1 0 0
0 
0 
1
0 
1
-1073741823 
1
36 0 0
1 1 
1 -1 
1 36 
1 0 
0 
1 0 
1 1073741823 -1 

1 2 1 3 -1 0 0
0 
0 
1
0 
1
-1073741823 
1
37 0 0
1 2 
1 -1 
1 37 
1 0 
0 
1 0 
1 1073741823 -1 

1 2 1 3 -1 0 0
0 
0 
1
0 
1
-1073741823 
1
42 0 0
1 3 
1 -1 
1 42 
1 0 
0 
1 0 
1 1073741823 -1 

1 2 1 3 -1 0 0
0 
0 
1
0 
1
-1073741823 
1
45 0 0
1 4 
1 -1 
1 45 
1 0 
0 
1 0 
1 1073741823 -1 

1 3 1 3 -1 0 0
0 
0 
1
0 
1
-1073741823 
1
2 0 0
1 4 
1 -1 
1 2 
1 0 
0 
1 0 
1 1073741823 -1 

1 3 1 3 -1 0 0
0 
0 
1
0 
1
-1073741823 
1
3 0 0
1 0 
1 -1 
1 3 
1 0 
0 
1 0 
1 1073741823 -1 

1 3 1 3 -1 0 0
0 
0 
1
0 
1
-1073741823 
1
17 0 0
1 1 
1 -1 
1 17 
1 0 
0 
1 0 
1 1073741823 -1 

1 3 1 3 -1 0 0
0 
0 
1
0 
1
-1073741823 
1
28 0 0
1 2 
1 -1 
1 28 
1 0 
0 
1 0 
1 1073741823 -1 

1 3 1 3 -1 0 0
0 
0 
1
0 
1
-1073741823 
1
29 0 0
1 3 
1 -1 
1 29 
1 0 
0 
1 0 
1 1073741823 -1 

1 3 1 3 -1 0 0
0 
0 
1
0 
1
-1073741823 
1
30 0 0
1 5 
1 -1 
1 30 
1 0 
0 
1 0 
1 1073741823 -1 

1 3 1 3 -1 0 0
0 
0 
1
0 
1
-1073741823 
1
32 0 0
1 6 
1 -1 
1 32 
1 0 
0 
1 0 
1 1073741823 -1 

1 3 1 3 -1 0 0
0 
0 
1
0 
1
-1073741823 
1
38 0 0
1 7 
1 -1 
1 38 
1 0 
0 
1 0 
1 1073741823 -1 

1 4 1 3 -1 0 0
0 
0 
1
0 
1
-1073741823 
1
0 0 0
1 3 
1 -1 
1 0 
1 0 
0 
1 0 
1 1073741823 -1 

1 4 1 3 -1 0 0
0 
0 
1
0 
1
-1073741823 
1
1 0 0
1 0 
1 -1 
1 1 
1 0 
0 
1 0 
1 1073741823 -1 

1 4 1 3 -1 0 0
0 
0 
1
0 
1
-1073741823 
1
21 0 0
1 1 
1 -1 
1 21 
1 0 
0 
1 0 
1 1073741823 -1 

1 4 1 3 -1 0 0
0 
0 
1
0 
1
-1073741823 
1
22 0 0
1 2 
1 -1 
1 22 
1 0 
0 
1 0 
1 1073741823 -1 

1 5 1 3 -1 0 0
0 
0 
1
0 
1
-1073741823 
1
6 0 0
1 2 
1 -1 
1 6 
1 0 
0 
1 0 
1 1073741823 -1 

1 5 1 3 -1 0 0
0 
0 
1
0 
1
-1073741823 
1
7 0 0
1 0 
1 -1 
1 7 
1 0 
0 
1 0 
1 1073741823 -1 

1 5 1 3 -1 0 0
0 
0 
1
0 
1
-1073741823 
1
18 0 0
1 1 
1 -1 
1 18 
1 0 
0 
1 0 
1 1073741823 -1 

1 5 1 3 -1 0 0
0 
0 
1
0 
1
-1073741823 
1
19 0 0
1 3 
1 -1 
1 19 
1 0 
0 
1 0 
1 1073741823 -1 

1 5 1 3 -1 0 0
0 
0 
1
0 
1
-1073741823 
1
20 0 0
1 4 
1 -1 
1 20 
1 0 
0 
1 0 
1 1073741823 -1 

1 6 1 3 -1 0 0
0 
0 
1
0 
1
-1073741823 
1
4 0 0
1 0 
1 -1 
1 4 
1 0 
0 
1 0 
1 1073741823 -1 

1 6 1 3 -1 0 0
0 
0 
1
0 
1
-1073741823 
1
5 0 0
1 4 
1 -1 
1 5 
1 0 
0 
1 0 
1 1073741823 -1 

1 6 1 3 -1 0 0
0 
0 
1
0 
1
-1073741823 
1
26 0 0
1 1 
1 -1 
1 26 
1 0 
0 
1 0 
1 1073741823 -1 

1 6 1 3 -1 0 0
0 
0 
1
0 
1
-1073741823 
1
27 0 0
1 5 
1 -1 
1 27 
1 0 
0 
1 0 
1 1073741823 -1 

1 6 1 3 -1 0 0
0 
0 
1
0 
1
-1073741823 
1
31 0 0
1 2 
1 -1 
1 31 
1 0 
0 
1 0 
1 1073741823 -1 

1 6 1 3 -1 0 0
0 
0 
1
0 
1
-1073741823 
1
39 0 0
1 6 
1 -1 
1 39 
1 0 
0 
1 0 
1 1073741823 -1 

1 6 1 3 -1 0 0
0 
0 
1
0 
1
-1073741823 
1
43 0 0
1 7 
1 -1 
1 43 
1 0 
0 
1 0 
1 1073741823 -1 

1 6 1 3 -1 0 0
0 
0 
1
0 
1
-1073741823 
1
44 0 0
1 3 
1 -1 
1 44 
1 0 
0 
1 0 
1 1073741823 -1 

1 7 1 3 -1 0 0
0 
0 
1
0 
1
-1073741823 
1
10 0 0
1 2 
1 -1 
1 10 
1 0 
0 
1 0 
1 1073741823 -1 

1 7 1 3 -1 0 0
0 
0 
1
0 
1
-1073741823 
1
11 0 0
1 3 
1 -1 
1 11 
1 0 
0 
1 0 
1 1073741823 -1 

1 7 1 3 -1 0 0
0 
0 
1
0 
1
-1073741823 
1
12 0 0
1 0 
1 -1 
1 12 
1 0 
0 
1 0 
1 1073741823 -1 

1 7 1 3 -1 0 0
0 
0 
1
0 
1
-1073741823 
1
33 0 0
1 4 
1 -1 
1 33 
1 0 
0 
1 0 
1 1073741823 -1 

1 7 1 3 -1 0 0
0 
0 
1
0 
1
-1073741823 
1
41 0 0
1 1 
1 -1 
1 41 
1 0 
0 
1 0 
1 1073741823 -1 

1 8 1 3 -1 0 0
0 
0 
1
0 
1
-1073741823 
1
8 0 0
1 0 
1 -1 
1 8 
1 0 
0 
1 0 
1 1073741823 -1 

1 8 1 3 -1 0 0
0 
0 
1
0 
1
-1073741823 
1
9 0 0
1 2 
1 -1 
1 9 
1 0 
0 
1 0 
1 1073741823 -1 

1 8 1 3 -1 0 0
0 
0 
1
0 
1
-1073741823 
1
13 0 0
1 1 
1 -1 
1 13 
1 0 
0 
1 0 
1 1073741823 -1 

1 8 1 3 -1 0 0
0 
0 
1
0 
1
-1073741823 
1
14 0 0
1 3 
1 -1 
1 14 
1 0 
0 
1 0 
1 1073741823 -1 

1 8 1 3 -1 0 0
0 
0 
1
0 
1
-1073741823 
1
15 0 0
1 4 
1 -1 
1 15 
1 0 
0 
1 0 
1 1073741823 -1 

1 9 1 3 -1 0 0
0 
0 
1
0 
1
-1073741823 
1
23 0 0
1 0 
1 -1 
1 23 
1 0 
0 
1 0 
1 1073741823 -1 

1 9 1 3 -1 0 0
0 
0 
1
0 
1
-1073741823 
1
24 0 0
1 3 
1 -1 
1 24 
1 0 
0 
1 0 
1 1073741823 -1 

1 9 1 3 -1 0 0
0 
0 
1
0 
1
-1073741823 
1
25 0 0
1 1 
1 -1 
1 25 
1 0 
0 
1 0 
1 1073741823 -1 

1 9 1 3 -1 0 0
0 
0 
1
0 
1
-1073741823 
1
34 0 0
1 4 
1 -1 
1 34 
1 0 
0 
1 0 
1 1073741823 -1 

1 9 1 3 -1 0 0
0 
0 
1
0 
1
-1073741823 
1
35 0 0
1 2 
1 -1 
1 35 
1 0 
0 
1 0 
1 1073741823 -1 

1 9 1 3 -1 0 0
0 
0 
1
0 
1
-1073741823 
1
40 0 0
1 5 
1 -1 
1 40 
1 0 
0 
1 0 
1 1073741823 -1 

0 0 0 0 -1 0 0

0 
0
0
0
0 
0 
0 
0 
0 
0 
0 

0 0 0 0 -1 0 0

0 
0
0
0
0 
0 
0 
0 
0 
0 
0 

0 0 0 0 -1 0 0

0 
0
0
0
0 
0 
0 
0 
0 
0 
0 

0 0 0 0 -1 0 0

0 
0
0
0
0 
0 
0 
0 
0 
0 
0 

0 0 0 0 -1 0 0

0 
0
0
0
0 
0 
0 
0 
0 
0 
0 

0 0 0 0 -1 0 0

0 
0
0
0
0 
0 
0 
0 
0 
0 
0 

0 0 0 0 -1 0 0

0 
0
0
0
0 
0 
0 
0 
0 
0 
0 

0 0 0 0 -1 0 0

0 
0
0
0
0 
0 
0 
0 
0 
0 
0 

0 0 0 0 -1 0 0

0 
0
0
0
0 
0 
0 
0 
0 
0 
0 

0 0 0 0 -1 0 0

0 
0
0
0
0 
0 
0 
0 
0 
0 
0 

0 0 0 0 -1 0 0

0 
0
0
0
0 
0 
0 
0 
0 
0 
0 

0 0 0 0 -1 0 0

0 
0
0
0
0 
0 
0 
0 
0 
0 
0 

0 0 0 0 -1 0 0

0 
0
0
0
0 
0 
0 
0 
0 
0 
0 

0 0 0 0 -1 0 0

0 
0
0
0
0 
0 
0 
0 
0 
0 
0 

0 0 0 0 -1 0 0

0 
0
0
0
0 
0 
0 
0 
0 
0 
0 

0 0 0 0 -1 0 0

0 
0
0
0
0 
0 
0 
0 
0 
0 
0 

0 0 0 0 -1 0 0

0 
0
0
0
0 
0 
0 
0 
0 
0 
0 

0 0 0 0 -1 0 0

0 
0
0
0
0 
0 
0 
0 
0 
0 
0 

0 0 0 0 -1 0 0

0 
0
0
0
0 
0 
0 
0 
0 
0 
0 

0 0 0 0 -1 0 0

0 
0
0
0
0 
0 
0 
0 
0 
0 
0 

0 0 0 0 -1 0 0

0 
0
0
0
0 
0 
0 
0 
0 
0 
0 

0 0 0 0 -1 0 0

0 
0
0
0
0 
0 
0 
0 
0 
0 
0 

0 0 0 0 -1 0 0

0 
0
0
0
0 
0 
0 
0 
0 
0 
0 

0 0 0 0 -1 0 0

0 
0
0
0
0 
0 
0 
0 
0 
0 
0 

0 0 0 0 -1 0 0

0 
0
0
0
0 
0 
0 
0 
0 
0 
0 

0 0 0 0 -1 0 0

0 
0
0
0
0 
0 
0 
0 
0 
0 
0 

0 0 0 0 -1 0 0

0 
0
0
0
0 
0 
0 
0 
0 
0 
0 

0 0 0 0 -1 0 0

0 
0
0
0
0 
0 
0 
0 
0 
0 
0 

0 0 0 0 -1 0 0

0 
0
0
0
0 
0 
0 
0 
0 
0 
0 

0 0 0 0 -1 0 0

0 
0
0
0
0 
0 
0 
0 
0 
0 
0 

0 0 0 0 -1 0 0

0 
0
0
0
0 
0 
0 
0 
0 
0 
0 

0 0 0 0 -1 0 0

0 
0
0
0
0 
0 
0 
0 
0 
0 
0 

0 0 0 0 -1 0 0

0 
0
0
0
0 
0 
0 
0 
0 
0 
0 

0 0 0 0 -1 0 0

0 
0
0
0
0 
0 
0 
0 
0 
0 
0 

0 0 0 0 -1 0 0

0 
0
0
0
0 
0 
0 
0 
0 
0 
0 

0 0 0 0 -1 0 0

0 
0
0
0
0 
0 
0 
0 
0 
0 
0 
